
PHOXY调试工具看到的指令，
目前一波啊显示均为浓度：0.00mg/L，温度0.00℃

[16:15:19.189]收←◆01 03 00 35 00 07 14 06 01 03 0E 00 00 00 00 00 00 00 00 00 00 00 00 00 00 EF 15 
[16:15:19.928]收←◆01 03 00 32 00 01 25 C5 01 03 02 00 00 B8 44 
[16:15:20.695]收←◆01 03 00 35 00 07 14 06 01 03 0E 00 00 00 00 00 00 00 00 00 00 00 00 00 00 EF 15 
[16:15:21.432]收←◆01 03 00 32 00 01 25 C5 01 03 02 00 00 B8 44 
[16:15:22.258]收←◆01 03 00 35 00 07 14 06 01 03 0E 00 00 00 00 00 00 00 00 00 00 00 00 00 00 EF 15 
[16:15:22.996]收←◆01 03 00 32 00 01 25 C5 01 03 02 00 00 B8 44 
[16:15:23.764]收←◆01 03 00 35 00 07 14 06 01 03 0E 00 00 00 00 00 00 00 00 00 00 00 00 00 00 EF 15 
[16:15:24.502]收←◆01 03 00 32 00 01 25 C5 01 03 02 00 00 B8 44 
[16:15:25.269]收←◆01 03 00 35 00 07 14 06 01 03 0E 00 00 00 00 00 00 00 00 00 00 00 00 00 00 EF 15 
[16:15:26.014]收←◆01 03 00 32 00 01 25 C5 01 03 02 00 00 B8 44 
[16:15:26.833]收←◆01 03 00 35 00 07 14 06 01 03 0E 00 00 00 00 00 00 00 00 00 00 00 00 00 00 EF 15 
[16:15:27.571]收←◆01 03 00 32 00 01 25 C5 01 03 02 00 00 B8 44 
[16:15:28.339]收←◆01 03 00 35 00 07 14 06 01 03 0E 00 00 00 00 00 00 00 00 00 00 00 00 00 00 EF 15 
[16:15:29.077]收←◆01 03 00 32 00 01 25 C5 01 03 02 00 00 B8 44 
[16:15:29.845]收←◆01 03 00 35 00 07 14 06 01 03 0E 00 00 00 00 00 00 00 00 00 00 00 00 00 00 EF 15 
[16:15:30.560]收←◆01 03 00 32 00 01 25 C5 
[16:15:30.601]收←◆01 03 02 00 00 B8 44 
[16:15:31.408]收←◆01 03 00 35 00 07 14 06 01 03 0E 00 00 00 00 00 00 00 00 00 00 00 00 00 00 EF 15 
[16:15:32.147]收←◆01 03 00 32 00 01 25 C5 01 03 02 00 00 B8 44 
[16:15:32.914]收←◆01 03 00 35 00 07 14 06 01 03 0E 00 00 00 00 00 00 00 00 00 00 00 00 00 00 EF 15 
[16:15:33.662]收←◆01 03 00 32 00 01 25 C5 01 03 02 00 00 B8 44 
[16:15:34.418]收←◆01 03 00 35 00 07 14 06 01 03 0E 00 00 00 00 00 00 00 00 00 00 00 00 00 00 EF 15 
[16:15:35.159]收←◆01 03 00 32 00 01 25 C5 01 03 02 00 00 B8 44 
[16:15:35.983]收←◆01 03 00 35 00 07 14 06 01 03 0E 00 00 00 00 00 00 00 00 00 00 00 00 00 00 EF 15 
[16:15:36.721]收←◆01 03 00 32 00 01 25 C5 01 03 02 00 00 B8 44 
[16:15:37.488]收←◆01 03 00 35 00 07 14 06 01 03 0E 00 00 00 00 00 00 00 00 00 00 00 00 00 00 EF 15 
[16:15:38.205]收←◆01 03 00 32 00 01 25 C5 
[16:15:38.248]收←◆01 03 02 00 00 B8 44 
[16:15:38.993]收←◆01 03 00 35 00 07 14 06 01 03 0E 00 00 00 00 00 00 00 00 00 00 00 00 00 00 EF 15 
[16:15:39.731]收←◆01 03 00 32 00 01 25 C5 01 03 02 00 00 B8 44 
[16:15:40.559]收←◆01 03 00 35 00 07 14 06 01 03 0E 00 00 00 00 00 00 00 00 00 00 00 00 00 00 EF 15 
[16:15:41.274]收←◆01 03 00 32 00 01 25 C5 
[16:15:41.306]收←◆01 03 02 00 00 B8 44 
[16:15:42.063]收←◆01 03 00 35 00 07 14 06 01 03 0E 00 00 00 00 00 00 00 00 00 00 00 00 00 00 EF 15 
[16:15:42.802]收←◆01 03 00 32 00 01 25 C5 01 03 02 00 00 B8 44 
[16:15:43.569]收←◆01 03 00 35 00 07 14 06 01 03 0E 00 00 00 00 00 00 00 00 00 00 00 00 00 00 EF 15 
[16:15:44.306]收←◆01 03 00 32 00 01 25 C5 01 03 02 00 00 B8 44 
[16:15:45.132]收←◆01 03 00 35 00 07 14 06 01 03 0E 00 00 00 00 00 00 00 00 00 00 00 00 00 00 EF 15 
[16:15:45.871]收←◆01 03 00 32 00 01 25 C5 01 03 02 00 00 B8 44 
[16:15:46.638]收←◆01 03 00 35 00 07 14 06 01 03 0E 00 00 00 00 00 00 00 00 00 00 00 00 00 00 EF 15 
[16:15:47.376]收←◆01 03 00 32 00 01 25 C5 01 03 02 00 00 B8 44 
[16:15:48.145]收←◆01 03 00 35 00 07 14 06 01 03 0E 00 00 00 00 00 00 00 00 00 00 00 00 00 00 EF 15 
[16:15:48.882]收←◆01 03 00 32 00 01 25 C5 01 03 02 00 00 B8 44 
[16:15:49.708]收←◆01 03 00 35 00 07 14 06 01 03 0E 00 00 00 00 00 00 00 00 00 00 00 00 00 00 EF 15 
[16:15:50.445]收←◆01 03 00 32 00 01 25 C5 01 03 02 00 00 B8 44 
[16:15:51.213]收←◆01 03 00 35 00 07 14 06 01 03 0E 00 00 00 00 00 00 00 00 00 00 00 00 00 00 EF 15 
[16:15:51.952]收←◆01 03 00 32 00 01 25 C5 01 03 02 00 00 B8 44 
[16:15:52.719]收←◆01 03 00 35 00 07 14 06 01 03 0E 00 00 00 00 00 00 00 00 00 00 00 00 00 00 EF 15 
[16:15:53.456]收←◆01 03 00 32 00 01 25 C5 01 03 02 00 00 B8 44 
[16:15:54.284]收←◆01 03 00 35 00 07 14 06 01 03 0E 00 00 00 00 00 00 00 00 00 00 00 00 00 00 EF 15 
[16:15:55.020]收←◆01 03 00 32 00 01 25 C5 01 03 02 00 00 B8 44 
[16:15:55.789]收←◆01 03 00 35 00 07 14 06 01 03 0E 00 00 00 00 00 00 00 00 00 00 00 00 00 00 EF 15 
[16:15:56.526]收←◆01 03 00 32 00 01 25 C5 01 03 02 00 00 B8 44 
[16:15:57.293]收←◆01 03 00 35 00 07 14 06 01 03 0E 00 00 00 00 00 00 00 00 00 00 00 00 00 00 EF 15 