T0:老金   2022-03-16

SPAI版本
1. AIN2通道关闭，Screen57画面温度灰色正确，但是PH，ORP，Cond.......等等图标不变，一直显示PH按钮，所有模式都一样，请检查

DOACR版本
更改管理员模式U-S
[18:13:43.930]收←◆01 03 04 07 00 08 F4 FD 01 03 10 44 4F 55 4F 30 4D 32 34 20 20 20 20 20 20 20 20 39 72 01 03 05 4F 00 08 75 17 01 03 10 34 32 36 33 36 36 32 2D 32 33 31 2D 30 30 20 38 C5 CE 01 03 10 BF 00 04 71 2D 01 03 08 00 03 00 00 00 00 00 00 A6 D7 01 03 08 29 00 0A 16 65 
[18:13:44.051]收←◆01 03 14 00 80 00 00 FC 41 41 00 00 0C 00 00 00 00 00 00 1C E5 41 CB 53 79 
[18:13:51.666]收←◆01 03 04 07 00 08 F4 FD 01 03 10 44 4F 55 4F 30 4D 32 34 20 20 20 20 20 20 20 20 39 72 01 03 05 4F 00 08 75 17 01 03 10 34 32 36 33 36 36 32 2D 32 33 31 2D 30 30 20 38 C5 CE 01 03 10 BF 00 04 71 2D 01 03 08 00 03 00 00 00 00 00 00 A6 D7 01 03 08 29 00 0A 16 65 
[18:13:51.788]收←◆01 03 14 00 80 00 00 F7 23 41 00 00 0C 00 00 00 00 00 00 17 2F 41 CB D4 7D 01 10 10 BF 00 04 08 00 30 00 00 79 CE 00 F4 97 E7 01 10 10 BF 00 04 F4 EE 01 10 20 27 00 02 04 D7 5F 62 30 09 42 01 10 20 27 00 02 FA 03 01 03 04 07 00 08 F4 FD 01 03 10 44 4F 55 4F 30 4D 32 34 20 20 20 20 20 20 20 20 39 72 01 03 05 4F 00 08 75 17 01 03 10 34 32 36 33 36 36 32 2D 32 33 31 2D 30 30 20 38 C5 CE 01 03 10 BF 00 04 71 2D 01 03 08 00 30 00 00 00 00 00 00 A5 D4 01 03 08 29 00 0A 16 65 
[18:13:51.977]收←◆01 03 14 00 80 00 00 F7 23 41 00 00 0C 00 00 00 00 00 00 17 2F 41 CB D4 7D 
DO模式改为Satur模式
[18:15:01.052]收←◆01 03 04 07 00 08 F4 FD 01 03 10 44 4F 55 4F 30 4D 32 34 20 20 20 20 20 20 20 20 39 72 01 03 05 4F 00 08 75 17 01 03 10 34 32 36 33 36 36 32 2D 32 33 31 2D 30 30 20 38 C5 CE 01 03 10 BF 00 04 71 2D 01 03 08 00 30 00 00 00 00 00 00 A5 D4 01 03 08 29 00 0A 16 65 
[18:15:01.169]收←◆01 03 14 00 80 00 00 C8 DA 41 00 00 0C 00 00 00 00 00 00 F6 40 41 CA 7B 3E 01 03 07 FF 00 02 F5 4F 01 03 04 00 21 00 00 AA 39 01 03 08 1F 00 08 77 AA 01 03 10 4F 44 20 20 20 20 20 20 20 20 20 20 20 20 20 20 8F 55 01 03 08 27 00 02 76 60 01 03 04 00 F0 00 80 FB A0 01 03 09 5F 00 08 77 82 01 03 10 20 54 20 20 20 20 20 20 20 20 20 20 20 20 20 20 F2 85 01 03 09 67 00 02 76 48 01 03 04 00 04 00 00 BB F2 01 03 08 29 00 0A 16 65 
[18:15:01.363]收←◆01 03 14 00 80 00 00 C8 DA 41 00 00 0C 00 00 00 00 00 00 F6 40 41 CA 7B 3E 01 03 09 69 00 0A 16 4D 01 03 14 00 04 00 00 29 AB 41 BE 00 0C 00 00 00 00 C1 A0 00 00 43 0C 11 F5 
[18:15:10.563]收←◆01 03 04 07 00 08 F4 FD 01 03 10 44 4F 55 4F 30 4D 32 34 20 20 20 20 20 20 20 20 39 72 01 03 05 4F 00 08 75 17 01 03 10 34 32 36 33 36 36 32 2D 32 33 31 2D 30 30 20 38 C5 CE 01 03 10 BF 00 04 71 2D 01 03 08 00 30 00 00 00 00 00 00 A5 D4 01 03 08 29 00 0A 16 65 
[18:15:10.685]收←◆01 03 14 00 80 00 00 C7 F9 41 00 00 0C 00 00 00 00 00 00 F2 0E 41 CA 3C F4 01 10 08 29 00 02 04 00 20 00 00 57 D7 
[18:15:10.755]收←◆01 10 08 29 00 02 92 60 01 03 07 FF 00 02 F5 4F 01 03 04 00 21 00 00 AA 39 01 03 08 1F 00 08 77 AA 01 03 10 4F 44 20 20 20 20 20 20 20 20 20 20 20 20 20 20 8F 55 01 03 08 27 00 02 76 60 01 03 04 00 F0 00 80 FB A0 01 03 09 5F 00 08 77 82 01 03 10 20 54 20 20 20 20 20 20 20 20 20 20 20 20 20 20 F2 85 01 03 09 67 00 02 76 48 01 03 04 00 04 00 00 BB F2 01 03 08 29 00 0A 16 65 01 03 14 00 20 00 00 F1 CD 42 BD 00 0C 00 00 00 00 00 00 AA 93 43 95 50 E5 01 03 09 69 00 0A 16 4D 01 03 14 00 04 00 00 32 74 41 BE 00 0C 00 00 00 00 C1 A0 00 00 43 0C C4 56 

选择U-S按钮

[18:21:04.147]收←◆01 03 04 07 00 08 F4 FD 01 03 10 44 4F 55 4F 30 4D 32 34 20 20 20 20 20 20 20 20 39 72 01 03 05 4F 00 08 75 17 01 03 10 34 32 36 33 36 36 32 2D 32 33 31 2D 30 30 20 38 C5 CE 01 03 10 BF 00 04 71 2D 01 03 08 00 03 00 00 00 00 00 00 A6 D7 01 03 08 29 00 0A 16 65 01 03 14 00 10 00 00 24 7A 41 9F 00 0C 00 00 00 00 00 00 0B 70 42 7B 5E AF 

输入密码确认

[18:21:56.939]收←◆01 03 04 07 00 08 F4 FD 01 03 10 44 4F 55 4F 30 4D 32 34 20 20 20 20 20 20 20 20 39 72 01 03 05 4F 00 08 75 17 01 03 10 34 32 36 33 36 36 32 2D 32 33 31 2D 30 30 20 38 C5 CE 01 03 10 BF 00 04 71 2D 01 03 08 00 03 00 00 00 00 00 00 A6 D7 01 03 08 29 00 0A 16 65 01 03 14 00 10 00 00 36 30 41 9F 00 0C 00 00 00 00 00 00 15 A2 42 7B BE 24 01 10 10 BF 00 04 08 00 30 00 00 79 CE 00 F4 97 E7 01 10 10 BF 00 04 F4 EE 01 10 20 27 00 02 04 D9 45 62 30 2A 6D 01 10 20 27 00 02 FA 03 01 03 04 07 00 08 F4 FD 01 03 10 44 4F 55 4F 30 4D 32 34 20 20 20 20 20 20 20 20 39 72 01 03 05 4F 00 08 75 17 01 03 10 34 32 36 33 36 36 32 2D 32 33 31 2D 30 30 20 38 C5 CE 01 03 10 BF 00 04 71 2D 01 03 08 00 30 00 00 00 00 00 00 A5 D4 01 03 08 29 00 0A 16 65 01 03 14 00 10 00 00 36 30 41 9F 00 0C 00 00 00 00 00 00 15 A2 42 7B BE 24 




